# Take the address (4 bytes) and data (1 byte) portion:
vals = [0x60, 0x00, 0x12, 0x14, 0x01]

# Sum with 7-bit wraparound
accum = 0
for val in vals:
    accum = (accum + val) & 0x7F

# Checksum is lower 7 bits of the difference w/ 128
cksum = (128 - accum) & 0x7F
print(hex(cksum))

F0 7E 00 06 02 41 33 03 00 00 06 00 00 00 F7
F0 41 00 00 00 00 33 12 7F 00 00 00 06 7B F7
F0 41 00 00 00 00 33 12 10 00 00 00 4B 41 54 41 4E 41 20 4D 6B 32 20 20 20 20 20 20 76 F7
F0 41 00 00 00 00 33 12 10 01 00 00 43 6C 65 61 6E 20 20 20 20 20 20 20 20 20 20 20 2C F7
F0 41 00 00 00 00 33 12 10 02 00 00 43 72 75 6E 63 68 20 4D 61 72 73 68 61 6C 6C 20 17 F7
F0 41 00 00 00 00 33 12 10 03 00 00 4A 42 27 73 20 50 6C 65 78 69 20 76 34 20 20 20 7B F7
F0 41 00 00 00 00 33 12 10 04 00 00 4D 6F 64 65 72 6E 20 4C 65 61 64 20 20 20 20 20 51 F7
F0 41 00 00 00 00 33 12 10 05 00 00 42 52 20 4E 41 54 55 52 41 4C 20 43 4C 45 41 4E 1D F7
F0 41 00 00 00 00 33 12 10 06 00 00 48 47 2D 42 6C 75 65 73 20 20 20 20 20 20 20 20 33 F7
F0 41 00 00 00 00 33 12 10 07 00 00 56 69 6E 74 61 67 65 20 53 74 72 61 74 20 20 20 0D F7
F0 41 00 00 00 00 33 12 10 08 00 00 41 63 6F 75 73 74 69 63 20 20 20 20 20 20 20 20 2D F7
F0 41 00 00 00 00 33 12 60 00 00 00 43 6C 65 61 6E 20 20 20 20 20 20 20 20 20 20 20 5D F7
F0 41 00 00 00 00 33 12 60 00 00 10 00 0A 2B 42 32 00 32 29 00 00 32 32 32 32 32 00 01 08 3E 0A 34 26 3E 37 38 00 01 00 32 00 01 01 05 64 00 00 32 32 05 05 32 32 32 07 0A 0A 02 00 00 01 00 14 0E 01 14 17 01 14 14 0E 14 18 18 18 18 18 18 18 18 18 18 18 59 F7

F0 41 00 00 00 00 33 12 60 00 12 14 01 79 F7 	OLD	
F0 41 00 00 00 00 33 12 60 00 06 3D 01 5C F7	Red
F0 41 00 00 00 00 33 12 60 00 05 21 00 7A F7	Green

F0 41 00 00 00 00 33 12 60 00 06 3D 01 5C F7	Red
----Header-------------| parameter | 
F0 41 00 00 00 00 33 12 xx xx xx xx



Switching Channel: 
Channel 1: F0 41 00 00 00 00 33 12 00 01 00 00 00 01 7E F7
Channel 2: F0 41 00 00 00 00 33 12 00 01 00 00 00 02 7D F7
Channel 3: F0 41 00 00 00 00 33 12 00 01 00 00 00 03 7C F7
Channel 4: F0 41 00 00 00 00 33 12 00 01 00 00 00 04 7B F7
Channel 5: F0 41 00 00 00 00 33 12 00 01 00 00 00 05 7A F7
Channel 6: F0 41 00 00 00 00 33 12 00 01 00 00 00 06 79 F7
Channel 7: F0 41 00 00 00 00 33 12 00 01 00 00 00 07 78 F7
Channel 8: F0 41 00 00 00 00 33 12 00 01 00 00 00 08 77 F7

=> F0 41 00 00 00 00 33 12 60 00 => werte
=> F0 41 00 00 00 00 33 12 00 01 => channels (rest nuller plus checksum plus F7)

(Der untere Wert stellt alles richtig um)
F0 41 00 00 00 00 33 12 60 00 06 50 00 4A F7 => accoust
F0 41 00 00 00 00 33 12 60 00 00 21 01 7E F7

F0 41 00 00 00 00 33 12 60 00 06 50 01 49 F7 => Clean
F0 41 00 00 00 00 33 12 60 00 00 21 08 77 F7

F0 41 00 00 00 00 33 12 60 00 06 5C 01 3D F7 => Variation
F0 41 00 00 00 00 33 12 60 00 00 21 1D 62 F7

F0 41 00 00 00 00 33 12 60 00 06 50 02 48 F7 => Crunch
F0 41 00 00 00 00 33 12 60 00 00 21 0B 74 F7

F0 41 00 00 00 00 33 12 60 00 06 50 03 47 F7 => LEAD
F0 41 00 00 00 00 33 12 60 00 00 21 18 67 F7

F0 41 00 00 00 00 33 12 60 00 06 50 04 46 F7 => Brown
F0 41 00 00 00 00 33 12 60 00 00 21 17 68 F7

F0 41 00 00 00 00 33 12 60 00 06 5C 01 3D F7 => Variation
F0 41 00 00 00 00 33 12 60 00 00 21 20 5F F7 


CC18 = B0 12 00
F0 41 00 00 00 00 33 12 60 00 03 00 00 1D F7 => FX OFF
F0 41 00 00 00 00 33 12 60 00 06 59 00 41 F7
F0 41 00 00 00 00 33 12 60 00 06 5F 00 3B F7

CC18 = B0 12 7F
F0 41 00 00 00 00 33 12 60 00 03 00 01 1C F7 => FX ON (anderen Zeilen nicht wichtig)
F0 41 00 00 00 00 33 12 60 00 06 59 1F 22 F7
F0 41 00 00 00 00 33 12 60 00 06 5F 01 3A F7

CC17= BO 11 00
F0 41 00 00 00 00 33 12 60 00 01 00 00 1F F7
F0 41 00 00 00 00 33 12 60 00 06 58 00 42 F7
F0 41 00 00 00 00 33 12 60 00 06 5E 00 3C F7

CC17= BO 11 7F
F0 41 00 00 00 00 33 12 60 00 01 00 01 1E F7
F0 41 00 00 00 00 33 12 60 00 06 58 33 0F F7
F0 41 00 00 00 00 33 12 60 00 06 5E 01 3B F7

-------------Effect ON/OFF Summary -----------
|------------Stuff-----------|-NR--|on|
F0 41 00 00 00 00 33 12 60 00 03 00 00 1D F7
F0 41 00 00 00 00 33 12 60 00 03 00 01 1C F7

=> Booster
F0 41 00 00 00 00 33 12 60 00 00 10 00 10 F7
F0 41 00 00 00 00 33 12 60 00 00 10 01 0F F7

=> MOD
F0 41 00 00 00 00 33 12 60 00 01 00 00 1F F7
F0 41 00 00 00 00 33 12 60 00 01 00 01 1E F7

=> FX
F0 41 00 00 00 00 33 12 60 00 03 00 00 1D F7
F0 41 00 00 00 00 33 12 60 00 03 00 01 1C F7

=> Delay
F0 41 00 00 00 00 33 12 60 00 05 00 00 1B F7
F0 41 00 00 00 00 33 12 60 00 05 00 01 1A F7

=> Reverb
F0 41 00 00 00 00 33 12 60 00 05 40 00 5B F7
F0 41 00 00 00 00 33 12 60 00 05 40 01 5A F7


--------------Effect Color-----------------
--Boost-- G/R/Y
F0 41 00 00 00 00 33 12 60 00 06 39 00 61 F7
F0 41 00 00 00 00 33 12 60 00 06 39 01 60 F7
F0 41 00 00 00 00 33 12 60 00 06 39 02 5F F7

--MOD--
F0 41 00 00 00 00 33 12 60 00 06 3A 00 60 F7
F0 41 00 00 00 00 33 12 60 00 06 3A 01 5F F7
F0 41 00 00 00 00 33 12 60 00 06 3A 02 5E F7

--FX--
F0 41 00 00 00 00 33 12 60 00 06 3B 00 5F F7
F0 41 00 00 00 00 33 12 60 00 06 3B 01 5E F7
F0 41 00 00 00 00 33 12 60 00 06 3B 02 5D F7

--Delay--
F0 41 00 00 00 00 33 12 60 00 06 3C 00 5E F7
F0 41 00 00 00 00 33 12 60 00 06 3C 01 5D F7
F0 41 00 00 00 00 33 12 60 00 06 3C 02 5C F7

--Reverb--
F0 41 00 00 00 00 33 12 60 00 06 3D 00 5D F7
F0 41 00 00 00 00 33 12 60 00 06 3D 01 5C F7
F0 41 00 00 00 00 33 12 60 00 06 3D 02 5B F7

// stuff
F0 41 00 00 00 00 33 12 60 00 05 00 00 1B F7
F0 41 00 00 00 00 33 12 60 00 06 2D 01 6C F7
F0 41 00 00 00 00 33 12 60 00 06 60 01 39 F7



F0 41 00 00 00 00 33 12 60 00 06 50 04 46 F7
switching to channel
F0 41 00 00 00 00 33 12 60 00 06 50 00 4A F7
F0 41 00 00 00 00 33 12 60 00 00 21 01 7E F7
changing reverb
F0 41 00 00 00 00 33 12 60 00 06 3D 00 5D F7
F0 41 00 00 00 00 33 12 60 00 05 41 04 56 F7
F0 41 00 00 00 00 33 12 60 00 05 21 00 7A F7
F0 41 00 00 00 00 33 12 60 00 06 5B 15 2A F7
F0 41 00 00 00 00 33 12 60 00 06 61 01 38 F7

F0 41 00 00 00 00 33 12 60 00 06 3D 00 5D F7


---Gumtown----
F0 41 00 00 00 00 33 11 10 00 00 00 00 00 00 10 60 F7
F0 41 00 00 00 00 33 11 10 01 00 00 00 00 00 10 5F F7
F0 41 00 00 00 00 33 11 10 02 00 00 00 00 00 10 5E F7
F0 41 00 00 00 00 33 11 10 03 00 00 00 00 00 10 5D F7
F0 41 00 00 00 00 33 11 10 04 00 00 00 00 00 10 5C F7
F0 41 00 00 00 00 33 11 10 05 00 00 00 00 00 10 5B F7
F0 41 00 00 00 00 33 11 10 06 00 00 00 00 00 10 5A F7
F0 41 00 00 00 00 33 11 10 07 00 00 00 00 00 10 59 F7
F0 41 00 00 00 00 33 11 10 08 00 00 00 00 00 10 58 F7

the message breakdown is
F0 41 00 00 00 00 33 = sysx header and Katana device id
11 = data request
10 08 00 00 = patch address and name address
00 00 00 10 = data size (16 byte name)
58 F7 = checksum and sysx end.
|-------------------|--|-----------|-----------|--|--|
F0 41 00 00 00 00 33 11 10 00 00 00 00 00 00 10 60 F7
F0 41 00 00 00 00 33 11 10 00 06 51 00 00 00 01 18 F7
F0 41 00 00 00 00 33 11 10 00 00 10 00 00 00 02 5E F7
F0 41 00 00 00 00 33 11 60 00 05 41 00 00 00 02 58 F7

==>>> get ReverbType
F0 41 00 00 00 00 33 11 60 00 05 41 00 00 00 01 59 F7